Data3:
	(om,ol)=(0.13793103448275862,0.6896551724137931)
	Reduced chi^2 = 1.1198902162338809
	sd_lower_l_lik=9.78732490204031e-11
	sd_upper_l_lik=12.032265320877686
	sd_lower_m_lik=11.08783222082479
	sd_upper_m_lik=12.778954917619624
	sd_lower_l=0.1724137931034483
	sd_upper_l=0.8275862068965517
	sd_lower_m=0.1724137931034483
	sd_upper_m=1.0