Data1:
	(om,ol)=(0.20689655172413793,0.3448275862068966)
	Reduced chi^2 = 1.1204741106666263
	sd_lower_l_lik=3.4925841640928414
	sd_upper_l_lik=21.60783954017701
	sd_lower_m_lik=8.415675614731406
	sd_upper_m_lik=21.609192278736963
	sd_lower_l=0.1724137931034483
	sd_upper_l=0.8275862068965517
	sd_lower_m=0.1724137931034483
	sd_upper_m=1.0