Data2:
	(om,ol)=(0.41379310344827586,0.034482758620689655)
	Reduced chi^2 = 1.1207479081594247
	sd_lower_l_lik=14.05359107161237
	sd_upper_l_lik=19.119328133982886
	sd_lower_m_lik=3.1658923281851725e-10
	sd_upper_m_lik=19.119328553881857
	sd_lower_l=0.1724137931034483
	sd_upper_l=0.8275862068965517
	sd_lower_m=0.1724137931034483
	sd_upper_m=0.8275862068965517